>CATCTTCGAG	1-CATCTTCGAG	12.907033	-48.142770	0	T:18.0(11.54%),B:50.0(0.31%),P:1e-20	Tpos:1870.6,Tstd:777.6,Bpos:1541.3,Bstd:661.0,StrandBias:1.8,Multiplicity:1.06
0.001	0.997	0.001	0.001
0.997	0.001	0.001	0.001
0.001	0.001	0.001	0.997
0.001	0.997	0.001	0.001
0.001	0.001	0.001	0.997
0.395	0.001	0.001	0.603
0.001	0.997	0.001	0.001
0.001	0.001	0.997	0.001
0.997	0.001	0.001	0.001
0.001	0.001	0.997	0.001
>AAGTCCGCTC	2-AAGTCCGCTC	11.354716	-32.198705	0	T:12.0(7.69%),B:34.0(0.21%),P:1e-13	Tpos:1367.2,Tstd:798.1,Bpos:1751.4,Bstd:514.0,StrandBias:1.0,Multiplicity:1.00
0.997	0.001	0.001	0.001
0.997	0.001	0.001	0.001
0.001	0.001	0.997	0.001
0.001	0.001	0.001	0.997
0.089	0.909	0.001	0.001
0.001	0.997	0.001	0.001
0.001	0.001	0.997	0.001
0.001	0.937	0.001	0.061
0.001	0.001	0.001	0.997
0.001	0.997	0.001	0.001
>WCGGCCGTCA	3-WCGGCCGTCA	11.514291	-31.923849	0	T:11.0(7.05%),B:24.0(0.15%),P:1e-13	Tpos:1403.6,Tstd:625.7,Bpos:1899.2,Bstd:597.3,StrandBias:0.7,Multiplicity:1.18
0.460	0.018	0.001	0.521
0.187	0.777	0.015	0.021
0.012	0.001	0.986	0.001
0.188	0.019	0.704	0.089
0.001	0.959	0.018	0.022
0.039	0.824	0.116	0.021
0.166	0.001	0.832	0.001
0.063	0.097	0.001	0.839
0.031	0.796	0.019	0.154
0.774	0.001	0.050	0.175
>CGCAACGACG	4-CGCAACGACG	10.296193	-30.197295	0	T:10.0(6.41%),B:19.0(0.12%),P:1e-13	Tpos:1118.9,Tstd:316.4,Bpos:1961.0,Bstd:488.3,StrandBias:0.3,Multiplicity:1.10
0.100	0.700	0.100	0.100
0.100	0.100	0.700	0.100
0.100	0.700	0.100	0.100
0.700	0.100	0.100	0.100
0.700	0.100	0.100	0.100
0.100	0.700	0.100	0.100
0.100	0.100	0.700	0.100
0.700	0.100	0.100	0.100
0.100	0.700	0.100	0.100
0.100	0.100	0.700	0.100
>AACATCCAGG	5-AACATCCAGG	10.296193	-27.894470	0	T:15.0(9.62%),B:109.0(0.67%),P:1e-12	Tpos:1466.7,Tstd:593.0,Bpos:1384.7,Bstd:760.4,StrandBias:1.0,Multiplicity:1.20
0.700	0.100	0.100	0.100
0.700	0.100	0.100	0.100
0.100	0.700	0.100	0.100
0.700	0.100	0.100	0.100
0.100	0.100	0.100	0.700
0.100	0.700	0.100	0.100
0.100	0.700	0.100	0.100
0.700	0.100	0.100	0.100
0.100	0.100	0.700	0.100
0.100	0.100	0.700	0.100
>AAMGGSTCTT	6-AAMGGSTCTT	7.517611	-25.576051	0	T:26.0(16.67%),B:513.0(3.15%),P:1e-11	Tpos:1514.5,Tstd:789.1,Bpos:1427.8,Bstd:709.1,StrandBias:0.4,Multiplicity:1.77
0.595	0.064	0.011	0.330
0.444	0.125	0.262	0.169
0.368	0.472	0.159	0.001
0.009	0.213	0.777	0.001
0.146	0.169	0.674	0.011
0.120	0.431	0.442	0.007
0.004	0.314	0.212	0.470
0.096	0.660	0.240	0.004
0.017	0.144	0.296	0.543
0.163	0.005	0.139	0.693
>YCTTCGYGMT	7-YCTTCGYGMT	7.800745	-25.405401	0	T:36.0(23.08%),B:1011.0(6.22%),P:1e-11	Tpos:1664.9,Tstd:667.9,Bpos:1684.2,Bstd:629.4,StrandBias:-0.4,Multiplicity:1.11
0.126	0.475	0.055	0.344
0.030	0.718	0.199	0.053
0.196	0.001	0.026	0.777
0.146	0.020	0.130	0.704
0.016	0.958	0.001	0.025
0.012	0.028	0.959	0.001
0.226	0.418	0.025	0.331
0.188	0.028	0.769	0.015
0.481	0.438	0.053	0.027
0.322	0.012	0.190	0.476
>CGGRCCGCGT	8-CGGRCCGCGT	11.738180	-19.087090	0	T:13.0(8.33%),B:150.0(0.92%),P:1e-8	Tpos:1350.8,Tstd:453.2,Bpos:2018.4,Bstd:380.6,StrandBias:-0.2,Multiplicity:1.00
0.001	0.809	0.001	0.189
0.001	0.001	0.997	0.001
0.284	0.001	0.714	0.001
0.467	0.001	0.531	0.001
0.001	0.997	0.001	0.001
0.001	0.997	0.001	0.001
0.001	0.001	0.997	0.001
0.001	0.997	0.001	0.001
0.001	0.001	0.997	0.001
0.001	0.001	0.001	0.997
>GGCGCCGRCG	9-GGCGCCGRCG	10.565018	-18.899247	0	T:24.0(15.38%),B:606.0(3.73%),P:1e-8	Tpos:1484.1,Tstd:594.9,Bpos:1990.4,Bstd:401.7,StrandBias:0.1,Multiplicity:1.46
0.001	0.001	0.997	0.001
0.094	0.001	0.696	0.209
0.117	0.867	0.001	0.015
0.161	0.001	0.837	0.001
0.226	0.772	0.001	0.001
0.074	0.924	0.001	0.001
0.001	0.325	0.673	0.001
0.569	0.001	0.429	0.001
0.069	0.929	0.001	0.001
0.010	0.001	0.988	0.001
>GGGCCGCGTG	10-GGGCCGCGTG	10.296193	-14.432440	0	T:9.0(5.77%),B:93.0(0.57%),P:1e-6	Tpos:1180.0,Tstd:390.3,Bpos:1896.5,Bstd:504.5,StrandBias:-0.3,Multiplicity:2.00
0.100	0.100	0.700	0.100
0.100	0.100	0.700	0.100
0.100	0.100	0.700	0.100
0.100	0.700	0.100	0.100
0.100	0.700	0.100	0.100
0.100	0.100	0.700	0.100
0.100	0.700	0.100	0.100
0.100	0.100	0.700	0.100
0.100	0.100	0.100	0.700
0.100	0.100	0.700	0.100
>AGGCTCTTTTCA	1-AGGCTCTTTTCA	13.154268	-50.004432	0	T:17.0(10.90%),B:34.0(0.21%),P:1e-21	Tpos:1720.6,Tstd:734.4,Bpos:1583.3,Bstd:698.7,StrandBias:1.9,Multiplicity:1.41
0.997	0.001	0.001	0.001
0.001	0.001	0.997	0.001
0.001	0.001	0.997	0.001
0.001	0.997	0.001	0.001
0.001	0.185	0.001	0.813
0.001	0.997	0.001	0.001
0.001	0.001	0.001	0.997
0.001	0.001	0.001	0.997
0.001	0.001	0.001	0.997
0.001	0.039	0.001	0.959
0.001	0.997	0.001	0.001
0.997	0.001	0.001	0.001
>GGGCATCACCAA	2-GGGCATCACCAA	12.211169	-48.442238	0	T:18.0(11.54%),B:49.0(0.30%),P:1e-21	Tpos:1733.1,Tstd:770.0,Bpos:1448.7,Bstd:628.0,StrandBias:1.9,Multiplicity:1.06
0.001	0.001	0.788	0.210
0.001	0.001	0.829	0.169
0.009	0.001	0.983	0.007
0.001	0.788	0.001	0.210
0.779	0.001	0.219	0.001
0.001	0.001	0.001	0.997
0.001	0.838	0.001	0.160
0.781	0.007	0.211	0.001
0.001	0.761	0.001	0.237
0.001	0.742	0.256	0.001
0.997	0.001	0.001	0.001
0.997	0.001	0.001	0.001
>TACTCGGTGTAC	3-TACTCGGTGTAC	10.594682	-47.848506	0	T:18.0(11.54%),B:51.0(0.31%),P:1e-20	Tpos:1652.8,Tstd:863.6,Bpos:1583.0,Bstd:653.7,StrandBias:1.2,Multiplicity:1.11
0.110	0.001	0.077	0.812
0.922	0.076	0.001	0.001
0.001	0.988	0.010	0.001
0.121	0.002	0.001	0.876
0.001	0.997	0.001	0.001
0.001	0.010	0.988	0.001
0.001	0.001	0.889	0.109
0.100	0.001	0.001	0.898
0.010	0.001	0.988	0.001
0.001	0.319	0.001	0.679
0.975	0.001	0.023	0.001
0.001	0.988	0.001	0.010
>GGTGACGGCCTT	4-GGTGACGGCCTT	12.250000	-37.724042	0	T:15.0(9.62%),B:51.0(0.31%),P:1e-16	Tpos:1742.5,Tstd:846.8,Bpos:1745.8,Bstd:542.0,StrandBias:-1.5,Multiplicity:1.53
0.023	0.001	0.975	0.001
0.001	0.122	0.876	0.001
0.041	0.082	0.058	0.819
0.078	0.103	0.778	0.041
0.890	0.046	0.063	0.001
0.070	0.803	0.126	0.001
0.214	0.001	0.704	0.081
0.073	0.034	0.867	0.026
0.001	0.920	0.001	0.078
0.001	0.792	0.206	0.001
0.001	0.040	0.001	0.958
0.041	0.289	0.041	0.629
>CCCCGAAGAAGG	5-CCCCGAAGAAGG	12.622192	-34.629580	0	T:15.0(9.62%),B:65.0(0.40%),P:1e-15	Tpos:1395.2,Tstd:836.2,Bpos:1488.1,Bstd:732.0,StrandBias:0.7,Multiplicity:1.60
0.001	0.941	0.057	0.001
0.001	0.997	0.001	0.001
0.001	0.997	0.001	0.001
0.358	0.603	0.001	0.038
0.001	0.001	0.997	0.001
0.959	0.001	0.039	0.001
0.997	0.001	0.001	0.001
0.001	0.001	0.997	0.001
0.946	0.052	0.001	0.001
0.997	0.001	0.001	0.001
0.001	0.001	0.997	0.001
0.001	0.001	0.997	0.001
>TGGGCCGCGTGM	6-TGGGCCGCGTGM	15.973248	-34.579047	0	T:9.0(5.77%),B:5.0(0.03%),P:1e-15	Tpos:1191.7,Tstd:478.2,Bpos:1889.2,Bstd:505.8,StrandBias:-0.3,Multiplicity:1.00
0.001	0.001	0.001	0.997
0.001	0.001	0.997	0.001
0.001	0.001	0.997	0.001
0.001	0.001	0.997	0.001
0.001	0.997	0.001	0.001
0.001	0.997	0.001	0.001
0.001	0.001	0.997	0.001
0.001	0.997	0.001	0.001
0.001	0.001	0.997	0.001
0.001	0.001	0.001	0.997
0.001	0.001	0.997	0.001
0.465	0.533	0.001	0.001
>CTGMTCCGCAAG	7-CTGMTCCGCAAG	14.594981	-31.977639	0	T:10.0(6.41%),B:15.0(0.09%),P:1e-13	Tpos:1380.7,Tstd:647.6,Bpos:1701.3,Bstd:625.8,StrandBias:0.5,Multiplicity:1.20
0.001	0.997	0.001	0.001
0.001	0.001	0.001	0.997
0.001	0.001	0.997	0.001
0.385	0.523	0.091	0.001
0.020	0.001	0.001	0.978
0.001	0.889	0.109	0.001
0.001	0.997	0.001	0.001
0.001	0.316	0.682	0.001
0.001	0.997	0.001	0.001
0.855	0.001	0.143	0.001
0.861	0.015	0.001	0.123
0.115	0.001	0.785	0.099
>THCCWGACGGCC	8-THCCWGACGGCC	9.500029	-31.421531	0	T:9.0(5.77%),B:9.0(0.06%),P:1e-13	Tpos:1181.8,Tstd:391.4,Bpos:1994.2,Bstd:475.9,StrandBias:-0.3,Multiplicity:1.00
0.282	0.120	0.142	0.456
0.357	0.252	0.078	0.314
0.001	0.702	0.191	0.106
0.172	0.667	0.002	0.159
0.344	0.155	0.091	0.410
0.152	0.194	0.572	0.082
0.423	0.193	0.218	0.166
0.182	0.510	0.139	0.169
0.140	0.009	0.677	0.174
0.176	0.071	0.752	0.001
0.195	0.624	0.179	0.002
0.119	0.650	0.151	0.080
>GATGGTCGCGCG	9-GATGGTCGCGCG	9.837489	-31.149263	0	T:22.0(14.10%),B:261.0(1.60%),P:1e-13	Tpos:1587.2,Tstd:691.8,Bpos:1914.6,Bstd:498.0,StrandBias:-0.6,Multiplicity:1.36
0.023	0.023	0.908	0.046
0.710	0.221	0.046	0.023
0.208	0.279	0.023	0.489
0.023	0.046	0.885	0.046
0.023	0.054	0.859	0.064
0.023	0.130	0.033	0.814
0.123	0.564	0.228	0.085
0.030	0.070	0.740	0.160
0.079	0.580	0.108	0.233
0.076	0.046	0.769	0.109
0.023	0.860	0.001	0.116
0.046	0.046	0.832	0.076
>GGGCGCCGGCGC	10-GGGCGCCGGCGC	12.355432	-22.491886	0	T:9.0(5.77%),B:33.0(0.20%),P:1e-9	Tpos:1186.2,Tstd:429.9,Bpos:2034.8,Bstd:372.0,StrandBias:0.0,Multiplicity:1.00
0.100	0.100	0.700	0.100
0.100	0.100	0.700	0.100
0.100	0.100	0.700	0.100
0.100	0.700	0.100	0.100
0.100	0.100	0.700	0.100
0.100	0.700	0.100	0.100
0.100	0.700	0.100	0.100
0.100	0.100	0.700	0.100
0.100	0.100	0.700	0.100
0.100	0.700	0.100	0.100
0.100	0.100	0.700	0.100
0.100	0.700	0.100	0.100
>ACGGCC	1-ACGGCC	6.177716	-10.639390	0	T:75.0(48.08%),B:5208.0(32.02%),P:1e-4	Tpos:1623.4,Tstd:712.9,Bpos:1779.6,Bstd:604.0,StrandBias:-0.2,Multiplicity:1.92
0.700	0.100	0.100	0.100
0.100	0.700	0.100	0.100
0.100	0.100	0.700	0.100
0.100	0.100	0.700	0.100
0.100	0.700	0.100	0.100
0.100	0.700	0.100	0.100
>AGTCCG	2-AGTCCG	7.411145	-10.393096	0	T:104.0(66.67%),B:8192.0(50.37%),P:1e-4	Tpos:1563.3,Tstd:688.7,Bpos:1689.4,Bstd:628.7,StrandBias:-0.2,Multiplicity:1.92
0.997	0.001	0.001	0.001
0.001	0.001	0.997	0.001
0.410	0.001	0.001	0.588
0.001	0.997	0.001	0.001
0.001	0.997	0.001	0.001
0.001	0.001	0.997	0.001
>ATCGCG	3-ATCGCG	6.177716	-8.921440	0	T:42.0(26.92%),B:2478.0(15.24%),P:1e-3	Tpos:1768.8,Tstd:640.8,Bpos:1873.0,Bstd:511.0,StrandBias:0.3,Multiplicity:1.48
0.700	0.100	0.100	0.100
0.100	0.100	0.100	0.700
0.100	0.700	0.100	0.100
0.100	0.100	0.700	0.100
0.100	0.700	0.100	0.100
0.100	0.100	0.700	0.100
>GCGCCA	4-GCGCCA	6.177716	-8.695199	0	T:88.0(56.41%),B:6788.0(41.74%),P:1e-3	Tpos:1760.2,Tstd:665.8,Bpos:1802.3,Bstd:553.3,StrandBias:-0.1,Multiplicity:2.02
0.100	0.100	0.700	0.100
0.100	0.700	0.100	0.100
0.100	0.100	0.700	0.100
0.100	0.700	0.100	0.100
0.100	0.700	0.100	0.100
0.700	0.100	0.100	0.100
>TACACG	5-TACACG	7.666579	-8.576397	0	T:48.0(30.77%),B:3027.0(18.61%),P:1e-3	Tpos:1476.0,Tstd:730.1,Bpos:1345.3,Bstd:694.3,StrandBias:0.0,Multiplicity:1.28
0.001	0.001	0.001	0.997
0.997	0.001	0.001	0.001
0.001	0.839	0.159	0.001
0.629	0.001	0.001	0.369
0.001	0.997	0.001	0.001
0.001	0.001	0.997	0.001
>GCGGAT	6-GCGGAT	6.177716	-7.998877	0	T:57.0(36.54%),B:3905.0(24.01%),P:1e-3	Tpos:1669.9,Tstd:603.2,Bpos:1734.6,Bstd:609.4,StrandBias:-0.2,Multiplicity:1.56
0.100	0.100	0.700	0.100
0.100	0.700	0.100	0.100
0.100	0.100	0.700	0.100
0.100	0.100	0.700	0.100
0.700	0.100	0.100	0.100
0.100	0.100	0.100	0.700
>ACGCGG	7-ACGCGG	1.394987	-7.607463	0	T:104.0(66.67%),B:8664.0(53.27%),P:1e-3	Tpos:1731.6,Tstd:600.0,Bpos:1863.5,Bstd:495.7,StrandBias:0.2,Multiplicity:2.85
0.997	0.001	0.001	0.001
0.001	0.997	0.001	0.001
0.001	0.001	0.997	0.001
0.001	0.997	0.001	0.001
0.001	0.001	0.997	0.001
0.001	0.001	0.783	0.215
>CGCAAG	8-CGCAAG	6.177716	-6.666914	0	T:63.0(40.38%),B:4676.0(28.75%),P:1e-2	Tpos:1618.3,Tstd:703.1,Bpos:1706.1,Bstd:602.2,StrandBias:0.2,Multiplicity:1.76
0.100	0.700	0.100	0.100
0.100	0.100	0.700	0.100
0.100	0.700	0.100	0.100
0.700	0.100	0.100	0.100
0.700	0.100	0.100	0.100
0.100	0.100	0.700	0.100
>GGTGGCGC	1-GGTGGCGC	10.546761	-25.096278	0	T:39.0(25.00%),B:1192.0(7.33%),P:1e-10	Tpos:1672.5,Tstd:566.3,Bpos:1832.6,Bstd:511.3,StrandBias:0.1,Multiplicity:1.15
0.001	0.001	0.997	0.001
0.001	0.001	0.997	0.001
0.001	0.001	0.001	0.997
0.001	0.001	0.997	0.001
0.001	0.001	0.997	0.001
0.001	0.997	0.001	0.001
0.001	0.001	0.593	0.405
0.001	0.997	0.001	0.001
>CCGWGTAG	2-CCGWGTAG	10.372167	-23.722361	0	T:25.0(16.03%),B:515.0(3.17%),P:1e-10	Tpos:1555.8,Tstd:700.6,Bpos:1617.3,Bstd:689.4,StrandBias:-0.6,Multiplicity:1.48
0.001	0.997	0.001	0.001
0.001	0.997	0.001	0.001
0.001	0.001	0.997	0.001
0.500	0.001	0.001	0.498
0.001	0.001	0.997	0.001
0.001	0.001	0.001	0.997
0.997	0.001	0.001	0.001
0.001	0.001	0.997	0.001
>CTCCTCGT	3-CTCCTCGT	6.480270	-20.495738	0	T:37.0(23.72%),B:1274.0(7.83%),P:1e-8	Tpos:1576.3,Tstd:671.3,Bpos:1744.2,Bstd:635.5,StrandBias:-0.8,Multiplicity:1.14
0.001	0.997	0.001	0.001
0.001	0.001	0.149	0.849
0.068	0.930	0.001	0.001
0.001	0.997	0.001	0.001
0.001	0.001	0.001	0.997
0.001	0.997	0.001	0.001
0.001	0.001	0.997	0.001
0.001	0.001	0.001	0.997
>TCGCGCAG	4-TCGCGCAG	8.236954	-18.150415	0	T:22.0(14.10%),B:531.0(3.26%),P:1e-7	Tpos:1633.8,Tstd:589.1,Bpos:1949.6,Bstd:448.9,StrandBias:-0.7,Multiplicity:1.32
0.100	0.100	0.100	0.700
0.100	0.700	0.100	0.100
0.100	0.100	0.700	0.100
0.100	0.700	0.100	0.100
0.100	0.100	0.700	0.100
0.100	0.700	0.100	0.100
0.700	0.100	0.100	0.100
0.100	0.100	0.700	0.100
>ATSCGCAA	5-ATSCGCAA	7.995599	-17.471890	0	T:26.0(16.67%),B:762.0(4.69%),P:1e-7	Tpos:1439.8,Tstd:732.0,Bpos:1621.7,Bstd:646.7,StrandBias:1.1,Multiplicity:1.69
0.878	0.001	0.120	0.001
0.354	0.001	0.003	0.642
0.001	0.465	0.478	0.056
0.001	0.997	0.001	0.001
0.001	0.001	0.997	0.001
0.045	0.800	0.001	0.154
0.598	0.328	0.030	0.044
0.641	0.001	0.214	0.144
>TGACGGCC	6-TGACGGCC	8.713085	-15.428768	0	T:29.0(18.59%),B:1028.0(6.32%),P:1e-6	Tpos:1715.8,Tstd:736.2,Bpos:1809.0,Bstd:580.0,StrandBias:-0.5,Multiplicity:1.86
0.205	0.001	0.001	0.793
0.001	0.001	0.997	0.001
0.997	0.001	0.001	0.001
0.001	0.997	0.001	0.001
0.001	0.001	0.997	0.001
0.001	0.001	0.997	0.001
0.001	0.880	0.001	0.118
0.001	0.863	0.135	0.001
>AAGAAGAC	7-AAGAAGAC	8.236954	-13.090906	0	T:35.0(22.44%),B:1567.0(9.63%),P:1e-5	Tpos:1186.3,Tstd:570.4,Bpos:1285.9,Bstd:725.9,StrandBias:0.6,Multiplicity:1.37
0.700	0.100	0.100	0.100
0.700	0.100	0.100	0.100
0.100	0.100	0.700	0.100
0.700	0.100	0.100	0.100
0.700	0.100	0.100	0.100
0.100	0.100	0.700	0.100
0.700	0.100	0.100	0.100
0.100	0.700	0.100	0.100
>AAGAGCCT	8-AAGAGCCT	10.780306	-13.048199	0	T:35.0(22.44%),B:1570.0(9.65%),P:1e-5	Tpos:1347.7,Tstd:755.8,Bpos:1345.3,Bstd:720.7,StrandBias:-0.8,Multiplicity:1.34
0.997	0.001	0.001	0.001
0.997	0.001	0.001	0.001
0.001	0.001	0.997	0.001
0.749	0.001	0.249	0.001
0.001	0.001	0.997	0.001
0.001	0.997	0.001	0.001
0.001	0.997	0.001	0.001
0.001	0.001	0.001	0.997
>CCAAGGCC	9-CCAAGGCC	8.668255	-12.613694	0	T:69.0(44.23%),B:4397.0(27.04%),P:1e-5	Tpos:1466.3,Tstd:732.4,Bpos:1573.5,Bstd:695.6,StrandBias:-0.1,Multiplicity:1.68
0.001	0.952	0.046	0.001
0.001	0.997	0.001	0.001
0.997	0.001	0.001	0.001
0.666	0.332	0.001	0.001
0.001	0.001	0.997	0.001
0.285	0.001	0.713	0.001
0.001	0.997	0.001	0.001
0.001	0.997	0.001	0.001
>GGCCGCGT	10-GGCCGCGT	9.337717	-8.246604	0	T:22.0(14.10%),B:999.0(6.14%),P:1e-3	Tpos:1349.8,Tstd:548.7,Bpos:1921.3,Bstd:467.8,StrandBias:-0.6,Multiplicity:2.14
0.001	0.001	0.821	0.177
0.001	0.001	0.997	0.001
0.001	0.997	0.001	0.001
0.001	0.997	0.001	0.001
0.001	0.001	0.997	0.001
0.001	0.997	0.001	0.001
0.001	0.001	0.997	0.001
0.001	0.001	0.001	0.997
