>CATCTTCGAG	1-CATCTTCGAG	12.907033	-48.142770	0	T:18.0(11.54%),B:50.0(0.31%),P:1e-20	Tpos:1870.6,Tstd:777.6,Bpos:1541.3,Bstd:661.0,StrandBias:1.8,Multiplicity:1.06
0.001	0.997	0.001	0.001
0.997	0.001	0.001	0.001
0.001	0.001	0.001	0.997
0.001	0.997	0.001	0.001
0.001	0.001	0.001	0.997
0.395	0.001	0.001	0.603
0.001	0.997	0.001	0.001
0.001	0.001	0.997	0.001
0.997	0.001	0.001	0.001
0.001	0.001	0.997	0.001
>AAGTCCGCTC	2-AAGTCCGCTC	11.354716	-32.198705	0	T:12.0(7.69%),B:34.0(0.21%),P:1e-13	Tpos:1367.2,Tstd:798.1,Bpos:1751.4,Bstd:514.0,StrandBias:1.0,Multiplicity:1.00
0.997	0.001	0.001	0.001
0.997	0.001	0.001	0.001
0.001	0.001	0.997	0.001
0.001	0.001	0.001	0.997
0.089	0.909	0.001	0.001
0.001	0.997	0.001	0.001
0.001	0.001	0.997	0.001
0.001	0.937	0.001	0.061
0.001	0.001	0.001	0.997
0.001	0.997	0.001	0.001
>WCGGCCGTCA	3-WCGGCCGTCA	11.514291	-31.923849	0	T:11.0(7.05%),B:24.0(0.15%),P:1e-13	Tpos:1403.6,Tstd:625.7,Bpos:1899.2,Bstd:597.3,StrandBias:0.7,Multiplicity:1.18
0.460	0.018	0.001	0.521
0.187	0.777	0.015	0.021
0.012	0.001	0.986	0.001
0.188	0.019	0.704	0.089
0.001	0.959	0.018	0.022
0.039	0.824	0.116	0.021
0.166	0.001	0.832	0.001
0.063	0.097	0.001	0.839
0.031	0.796	0.019	0.154
0.774	0.001	0.050	0.175
>CGCAACGACG	4-CGCAACGACG	10.296193	-30.197295	0	T:10.0(6.41%),B:19.0(0.12%),P:1e-13	Tpos:1118.9,Tstd:316.4,Bpos:1961.0,Bstd:488.3,StrandBias:0.3,Multiplicity:1.10
0.100	0.700	0.100	0.100
0.100	0.100	0.700	0.100
0.100	0.700	0.100	0.100
0.700	0.100	0.100	0.100
0.700	0.100	0.100	0.100
0.100	0.700	0.100	0.100
0.100	0.100	0.700	0.100
0.700	0.100	0.100	0.100
0.100	0.700	0.100	0.100
0.100	0.100	0.700	0.100
>AACATCCAGG	5-AACATCCAGG	10.296193	-27.894470	0	T:15.0(9.62%),B:109.0(0.67%),P:1e-12	Tpos:1466.7,Tstd:593.0,Bpos:1384.7,Bstd:760.4,StrandBias:1.0,Multiplicity:1.20
0.700	0.100	0.100	0.100
0.700	0.100	0.100	0.100
0.100	0.700	0.100	0.100
0.700	0.100	0.100	0.100
0.100	0.100	0.100	0.700
0.100	0.700	0.100	0.100
0.100	0.700	0.100	0.100
0.700	0.100	0.100	0.100
0.100	0.100	0.700	0.100
0.100	0.100	0.700	0.100
>AAMGGSTCTT	6-AAMGGSTCTT	7.517611	-25.576051	0	T:26.0(16.67%),B:513.0(3.15%),P:1e-11	Tpos:1514.5,Tstd:789.1,Bpos:1427.8,Bstd:709.1,StrandBias:0.4,Multiplicity:1.77
0.595	0.064	0.011	0.330
0.444	0.125	0.262	0.169
0.368	0.472	0.159	0.001
0.009	0.213	0.777	0.001
0.146	0.169	0.674	0.011
0.120	0.431	0.442	0.007
0.004	0.314	0.212	0.470
0.096	0.660	0.240	0.004
0.017	0.144	0.296	0.543
0.163	0.005	0.139	0.693
>YCTTCGYGMT	7-YCTTCGYGMT	7.800745	-25.405401	0	T:36.0(23.08%),B:1011.0(6.22%),P:1e-11	Tpos:1664.9,Tstd:667.9,Bpos:1684.2,Bstd:629.4,StrandBias:-0.4,Multiplicity:1.11
0.126	0.475	0.055	0.344
0.030	0.718	0.199	0.053
0.196	0.001	0.026	0.777
0.146	0.020	0.130	0.704
0.016	0.958	0.001	0.025
0.012	0.028	0.959	0.001
0.226	0.418	0.025	0.331
0.188	0.028	0.769	0.015
0.481	0.438	0.053	0.027
0.322	0.012	0.190	0.476
>CGGRCCGCGT	8-CGGRCCGCGT	11.738180	-19.087090	0	T:13.0(8.33%),B:150.0(0.92%),P:1e-8	Tpos:1350.8,Tstd:453.2,Bpos:2018.4,Bstd:380.6,StrandBias:-0.2,Multiplicity:1.00
0.001	0.809	0.001	0.189
0.001	0.001	0.997	0.001
0.284	0.001	0.714	0.001
0.467	0.001	0.531	0.001
0.001	0.997	0.001	0.001
0.001	0.997	0.001	0.001
0.001	0.001	0.997	0.001
0.001	0.997	0.001	0.001
0.001	0.001	0.997	0.001
0.001	0.001	0.001	0.997
>GGCGCCGRCG	9-GGCGCCGRCG	10.565018	-18.899247	0	T:24.0(15.38%),B:606.0(3.73%),P:1e-8	Tpos:1484.1,Tstd:594.9,Bpos:1990.4,Bstd:401.7,StrandBias:0.1,Multiplicity:1.46
0.001	0.001	0.997	0.001
0.094	0.001	0.696	0.209
0.117	0.867	0.001	0.015
0.161	0.001	0.837	0.001
0.226	0.772	0.001	0.001
0.074	0.924	0.001	0.001
0.001	0.325	0.673	0.001
0.569	0.001	0.429	0.001
0.069	0.929	0.001	0.001
0.010	0.001	0.988	0.001
>GGGCCGCGTG	10-GGGCCGCGTG	10.296193	-14.432440	0	T:9.0(5.77%),B:93.0(0.57%),P:1e-6	Tpos:1180.0,Tstd:390.3,Bpos:1896.5,Bstd:504.5,StrandBias:-0.3,Multiplicity:2.00
0.100	0.100	0.700	0.100
0.100	0.100	0.700	0.100
0.100	0.100	0.700	0.100
0.100	0.700	0.100	0.100
0.100	0.700	0.100	0.100
0.100	0.100	0.700	0.100
0.100	0.700	0.100	0.100
0.100	0.100	0.700	0.100
0.100	0.100	0.100	0.700
0.100	0.100	0.700	0.100
