>AGGCTCTTTTCA	1-AGGCTCTTTTCA	13.154268	-50.004432	0	T:17.0(10.90%),B:34.0(0.21%),P:1e-21	Tpos:1720.6,Tstd:734.4,Bpos:1583.3,Bstd:698.7,StrandBias:1.9,Multiplicity:1.41
0.997	0.001	0.001	0.001
0.001	0.001	0.997	0.001
0.001	0.001	0.997	0.001
0.001	0.997	0.001	0.001
0.001	0.185	0.001	0.813
0.001	0.997	0.001	0.001
0.001	0.001	0.001	0.997
0.001	0.001	0.001	0.997
0.001	0.001	0.001	0.997
0.001	0.039	0.001	0.959
0.001	0.997	0.001	0.001
0.997	0.001	0.001	0.001
>GGGCATCACCAA	2-GGGCATCACCAA	12.211169	-48.442238	0	T:18.0(11.54%),B:49.0(0.30%),P:1e-21	Tpos:1733.1,Tstd:770.0,Bpos:1448.7,Bstd:628.0,StrandBias:1.9,Multiplicity:1.06
0.001	0.001	0.788	0.210
0.001	0.001	0.829	0.169
0.009	0.001	0.983	0.007
0.001	0.788	0.001	0.210
0.779	0.001	0.219	0.001
0.001	0.001	0.001	0.997
0.001	0.838	0.001	0.160
0.781	0.007	0.211	0.001
0.001	0.761	0.001	0.237
0.001	0.742	0.256	0.001
0.997	0.001	0.001	0.001
0.997	0.001	0.001	0.001
>TACTCGGTGTAC	3-TACTCGGTGTAC	10.594682	-47.848506	0	T:18.0(11.54%),B:51.0(0.31%),P:1e-20	Tpos:1652.8,Tstd:863.6,Bpos:1583.0,Bstd:653.7,StrandBias:1.2,Multiplicity:1.11
0.110	0.001	0.077	0.812
0.922	0.076	0.001	0.001
0.001	0.988	0.010	0.001
0.121	0.002	0.001	0.876
0.001	0.997	0.001	0.001
0.001	0.010	0.988	0.001
0.001	0.001	0.889	0.109
0.100	0.001	0.001	0.898
0.010	0.001	0.988	0.001
0.001	0.319	0.001	0.679
0.975	0.001	0.023	0.001
0.001	0.988	0.001	0.010
>GGTGACGGCCTT	4-GGTGACGGCCTT	12.250000	-37.724042	0	T:15.0(9.62%),B:51.0(0.31%),P:1e-16	Tpos:1742.5,Tstd:846.8,Bpos:1745.8,Bstd:542.0,StrandBias:-1.5,Multiplicity:1.53
0.023	0.001	0.975	0.001
0.001	0.122	0.876	0.001
0.041	0.082	0.058	0.819
0.078	0.103	0.778	0.041
0.890	0.046	0.063	0.001
0.070	0.803	0.126	0.001
0.214	0.001	0.704	0.081
0.073	0.034	0.867	0.026
0.001	0.920	0.001	0.078
0.001	0.792	0.206	0.001
0.001	0.040	0.001	0.958
0.041	0.289	0.041	0.629
>CCCCGAAGAAGG	5-CCCCGAAGAAGG	12.622192	-34.629580	0	T:15.0(9.62%),B:65.0(0.40%),P:1e-15	Tpos:1395.2,Tstd:836.2,Bpos:1488.1,Bstd:732.0,StrandBias:0.7,Multiplicity:1.60
0.001	0.941	0.057	0.001
0.001	0.997	0.001	0.001
0.001	0.997	0.001	0.001
0.358	0.603	0.001	0.038
0.001	0.001	0.997	0.001
0.959	0.001	0.039	0.001
0.997	0.001	0.001	0.001
0.001	0.001	0.997	0.001
0.946	0.052	0.001	0.001
0.997	0.001	0.001	0.001
0.001	0.001	0.997	0.001
0.001	0.001	0.997	0.001
>TGGGCCGCGTGM	6-TGGGCCGCGTGM	15.973248	-34.579047	0	T:9.0(5.77%),B:5.0(0.03%),P:1e-15	Tpos:1191.7,Tstd:478.2,Bpos:1889.2,Bstd:505.8,StrandBias:-0.3,Multiplicity:1.00
0.001	0.001	0.001	0.997
0.001	0.001	0.997	0.001
0.001	0.001	0.997	0.001
0.001	0.001	0.997	0.001
0.001	0.997	0.001	0.001
0.001	0.997	0.001	0.001
0.001	0.001	0.997	0.001
0.001	0.997	0.001	0.001
0.001	0.001	0.997	0.001
0.001	0.001	0.001	0.997
0.001	0.001	0.997	0.001
0.465	0.533	0.001	0.001
>CTGMTCCGCAAG	7-CTGMTCCGCAAG	14.594981	-31.977639	0	T:10.0(6.41%),B:15.0(0.09%),P:1e-13	Tpos:1380.7,Tstd:647.6,Bpos:1701.3,Bstd:625.8,StrandBias:0.5,Multiplicity:1.20
0.001	0.997	0.001	0.001
0.001	0.001	0.001	0.997
0.001	0.001	0.997	0.001
0.385	0.523	0.091	0.001
0.020	0.001	0.001	0.978
0.001	0.889	0.109	0.001
0.001	0.997	0.001	0.001
0.001	0.316	0.682	0.001
0.001	0.997	0.001	0.001
0.855	0.001	0.143	0.001
0.861	0.015	0.001	0.123
0.115	0.001	0.785	0.099
>THCCWGACGGCC	8-THCCWGACGGCC	9.500029	-31.421531	0	T:9.0(5.77%),B:9.0(0.06%),P:1e-13	Tpos:1181.8,Tstd:391.4,Bpos:1994.2,Bstd:475.9,StrandBias:-0.3,Multiplicity:1.00
0.282	0.120	0.142	0.456
0.357	0.252	0.078	0.314
0.001	0.702	0.191	0.106
0.172	0.667	0.002	0.159
0.344	0.155	0.091	0.410
0.152	0.194	0.572	0.082
0.423	0.193	0.218	0.166
0.182	0.510	0.139	0.169
0.140	0.009	0.677	0.174
0.176	0.071	0.752	0.001
0.195	0.624	0.179	0.002
0.119	0.650	0.151	0.080
>GATGGTCGCGCG	9-GATGGTCGCGCG	9.837489	-31.149263	0	T:22.0(14.10%),B:261.0(1.60%),P:1e-13	Tpos:1587.2,Tstd:691.8,Bpos:1914.6,Bstd:498.0,StrandBias:-0.6,Multiplicity:1.36
0.023	0.023	0.908	0.046
0.710	0.221	0.046	0.023
0.208	0.279	0.023	0.489
0.023	0.046	0.885	0.046
0.023	0.054	0.859	0.064
0.023	0.130	0.033	0.814
0.123	0.564	0.228	0.085
0.030	0.070	0.740	0.160
0.079	0.580	0.108	0.233
0.076	0.046	0.769	0.109
0.023	0.860	0.001	0.116
0.046	0.046	0.832	0.076
>GGGCGCCGGCGC	10-GGGCGCCGGCGC	12.355432	-22.491886	0	T:9.0(5.77%),B:33.0(0.20%),P:1e-9	Tpos:1186.2,Tstd:429.9,Bpos:2034.8,Bstd:372.0,StrandBias:0.0,Multiplicity:1.00
0.100	0.100	0.700	0.100
0.100	0.100	0.700	0.100
0.100	0.100	0.700	0.100
0.100	0.700	0.100	0.100
0.100	0.100	0.700	0.100
0.100	0.700	0.100	0.100
0.100	0.700	0.100	0.100
0.100	0.100	0.700	0.100
0.100	0.100	0.700	0.100
0.100	0.700	0.100	0.100
0.100	0.100	0.700	0.100
0.100	0.700	0.100	0.100
