>GCTCCAGCCCGC	7-GCGGGCTGGAGC	9.848046	-17.243913	0	T:19.0(38.00%),B:1486.0(9.08%),P:1e-7
0.001	0.030	0.852	0.117
0.001	0.843	0.067	0.089
0.001	0.021	0.155	0.823
0.045	0.828	0.048	0.079
0.146	0.823	0.030	0.001
0.789	0.019	0.113	0.079
0.041	0.001	0.862	0.096
0.001	0.881	0.080	0.038
0.052	0.857	0.001	0.090
0.060	0.851	0.026	0.063
0.028	0.101	0.870	0.001
0.080	0.735	0.184	0.001
