>ACGGCCGTGCTS	24-ACGGCCGTGCTS	10.737127	-33.115370	0	T:13.0(7.78%),B:37.6(0.25%),P:1e-14
0.501	0.199	0.079	0.221
0.248	0.644	0.001	0.107
0.076	0.031	0.690	0.203
0.001	0.012	0.912	0.075
0.109	0.889	0.001	0.001
0.001	0.806	0.079	0.114
0.064	0.160	0.775	0.001
0.249	0.179	0.001	0.571
0.012	0.326	0.577	0.085
0.406	0.581	0.001	0.012
0.001	0.001	0.320	0.678
0.001	0.430	0.384	0.185
