>GATGGTCGCGCG	9-GATGGTCGCGCG,BestGuess:POL011.1_XCPE1/Jaspar(0.569)	9.837489	-31.149263	0	T:22.0(14.10%),B:261.0(1.60%),P:1e-13
0.023	0.023	0.908	0.046
0.710	0.221	0.046	0.023
0.208	0.279	0.023	0.489
0.023	0.046	0.885	0.046
0.023	0.054	0.859	0.064
0.023	0.130	0.033	0.814
0.123	0.564	0.228	0.085
0.030	0.070	0.740	0.160
0.079	0.580	0.108	0.233
0.076	0.046	0.769	0.109
0.023	0.860	0.001	0.116
0.046	0.046	0.832	0.076
