>THCCWGACGGCC	8-THCCWGACGGCC,BestGuess:MA0461.1_Atoh1/Jaspar(0.610)	9.500029	-31.421531	0	T:9.0(5.77%),B:9.0(0.06%),P:1e-13
0.282	0.120	0.142	0.456
0.357	0.252	0.078	0.314
0.001	0.702	0.191	0.106
0.172	0.667	0.002	0.159
0.344	0.155	0.091	0.410
0.152	0.194	0.572	0.082
0.423	0.193	0.218	0.166
0.182	0.510	0.139	0.169
0.140	0.009	0.677	0.174
0.176	0.071	0.752	0.001
0.195	0.624	0.179	0.002
0.119	0.650	0.151	0.080
