>GGCCGTCWGGDA	8-THCCWGACGGCC	9.500029	-31.421531	0	T:9.0(5.77%),B:9.0(0.06%),P:1e-13
0.080	0.151	0.650	0.119
0.002	0.179	0.624	0.195
0.001	0.752	0.071	0.176
0.174	0.677	0.009	0.140
0.169	0.139	0.510	0.182
0.166	0.218	0.193	0.423
0.082	0.572	0.194	0.152
0.410	0.091	0.155	0.344
0.159	0.002	0.667	0.172
0.106	0.191	0.702	0.001
0.314	0.078	0.252	0.357
0.456	0.142	0.120	0.282
