>GCGAGGACGA	1-GCGAGGACGA	9.672849	-23.675957	0	T:16.0(32.00%),B:643.0(3.93%),P:1e-10	Tpos:2023.9,Tstd:330.0,Bpos:1922.8,Bstd:521.9,StrandBias:0.3,Multiplicity:1.12
0.001	0.001	0.997	0.001
0.001	0.997	0.001	0.001
0.001	0.087	0.770	0.142
0.782	0.216	0.001	0.001
0.001	0.117	0.881	0.001
0.001	0.001	0.997	0.001
0.862	0.067	0.070	0.001
0.001	0.958	0.040	0.001
0.001	0.001	0.997	0.001
0.838	0.071	0.090	0.001
>CCMATGAGCG	2-CCMATGAGCG	8.858946	-18.817129	0	T:20.0(40.00%),B:1512.0(9.24%),P:1e-8	Tpos:1643.5,Tstd:610.7,Bpos:1630.9,Bstd:624.0,StrandBias:0.5,Multiplicity:1.20
0.001	0.997	0.001	0.001
0.001	0.997	0.001	0.001
0.443	0.555	0.001	0.001
0.544	0.233	0.222	0.001
0.418	0.001	0.001	0.580
0.001	0.315	0.683	0.001
0.740	0.001	0.258	0.001
0.265	0.001	0.733	0.001
0.078	0.708	0.080	0.134
0.303	0.001	0.585	0.111
>CGACCCTGCA	3-CGACCCTGCA	10.584921	-18.188454	0	T:10.0(20.00%),B:277.0(1.69%),P:1e-7	Tpos:1527.1,Tstd:568.4,Bpos:1742.8,Bstd:570.5,StrandBias:0.0,Multiplicity:1.00
0.041	0.912	0.001	0.046
0.052	0.081	0.816	0.051
0.819	0.114	0.001	0.066
0.001	0.997	0.001	0.001
0.001	0.905	0.093	0.001
0.001	0.885	0.001	0.113
0.001	0.001	0.001	0.997
0.001	0.001	0.997	0.001
0.093	0.905	0.001	0.001
0.838	0.001	0.001	0.160
>CGCTTTAAAG	4-CGCTTTAAAG	9.620252	-16.784766	0	T:13.0(26.00%),B:641.0(3.92%),P:1e-7	Tpos:1681.0,Tstd:566.0,Bpos:1321.6,Bstd:693.4,StrandBias:1.0,Multiplicity:1.08
0.168	0.766	0.052	0.014
0.120	0.170	0.569	0.141
0.073	0.805	0.001	0.121
0.001	0.001	0.001	0.997
0.001	0.277	0.001	0.721
0.001	0.105	0.073	0.821
0.574	0.064	0.278	0.084
0.894	0.001	0.104	0.001
0.950	0.001	0.048	0.001
0.051	0.001	0.947	0.001
>AGGTAACCTG	5-AGGTAACCTG	9.544940	-15.487392	0	T:15.0(30.00%),B:998.0(6.10%),P:1e-6	Tpos:1397.6,Tstd:606.8,Bpos:1336.9,Bstd:728.3,StrandBias:0.5,Multiplicity:1.13
0.942	0.001	0.056	0.001
0.064	0.001	0.870	0.065
0.069	0.001	0.929	0.001
0.029	0.037	0.029	0.905
0.880	0.030	0.032	0.058
0.951	0.001	0.001	0.047
0.001	0.886	0.042	0.071
0.063	0.871	0.001	0.065
0.047	0.001	0.001	0.951
0.001	0.069	0.866	0.064
>TGGCGTTGCA	6-TGGCGTTGCA	8.366891	-14.806218	0	T:13.0(26.00%),B:763.0(4.66%),P:1e-6	Tpos:1323.3,Tstd:712.1,Bpos:1520.0,Bstd:687.7,StrandBias:0.0,Multiplicity:1.23
0.001	0.001	0.001	0.997
0.001	0.109	0.889	0.001
0.001	0.104	0.894	0.001
0.052	0.946	0.001	0.001
0.060	0.001	0.862	0.077
0.100	0.046	0.001	0.853
0.001	0.109	0.001	0.889
0.001	0.084	0.914	0.001
0.089	0.839	0.071	0.001
0.997	0.001	0.001	0.001
>CTGCGCCGGC	7-CTGCGCCGGC	10.816241	-14.631224	0	T:13.0(26.00%),B:775.0(4.73%),P:1e-6	Tpos:2011.4,Tstd:184.4,Bpos:1928.4,Bstd:407.0,StrandBias:0.0,Multiplicity:1.15
0.001	0.997	0.001	0.001
0.001	0.001	0.034	0.964
0.001	0.215	0.783	0.001
0.143	0.855	0.001	0.001
0.001	0.039	0.843	0.117
0.001	0.997	0.001	0.001
0.284	0.714	0.001	0.001
0.001	0.001	0.892	0.106
0.001	0.001	0.997	0.001
0.001	0.997	0.001	0.001
>CCCGTTACCT	8-CCCGTTACCT	12.459172	-13.789342	0	T:5.0(10.00%),B:55.0(0.34%),P:1e-5	Tpos:1476.8,Tstd:686.3,Bpos:1785.2,Bstd:594.2,StrandBias:-0.6,Multiplicity:1.00
0.001	0.624	0.374	0.001
0.001	0.997	0.001	0.001
0.001	0.997	0.001	0.001
0.001	0.001	0.997	0.001
0.001	0.001	0.113	0.885
0.001	0.001	0.001	0.997
0.997	0.001	0.001	0.001
0.001	0.997	0.001	0.001
0.001	0.758	0.240	0.001
0.001	0.001	0.001	0.997
>AGGGGGCGCT	9-AGGGGGCGCT	9.732430	-13.522619	0	T:18.0(36.00%),B:1695.0(10.35%),P:1e-5	Tpos:1720.8,Tstd:534.8,Bpos:1748.6,Bstd:570.2,StrandBias:-0.2,Multiplicity:1.44
0.855	0.047	0.048	0.050
0.001	0.001	0.902	0.096
0.044	0.001	0.954	0.001
0.044	0.045	0.859	0.052
0.059	0.062	0.878	0.001
0.001	0.001	0.997	0.001
0.047	0.951	0.001	0.001
0.055	0.001	0.943	0.001
0.086	0.873	0.040	0.001
0.054	0.001	0.135	0.810
>TGTGAGGAAG	10-TGTGAGGAAG	10.296193	-11.689449	0	T:6.0(12.00%),B:153.0(0.93%),P:1e-5	Tpos:1128.7,Tstd:616.9,Bpos:1152.9,Bstd:757.7,StrandBias:0.0,Multiplicity:1.00
0.100	0.100	0.100	0.700
0.100	0.100	0.700	0.100
0.100	0.100	0.100	0.700
0.100	0.100	0.700	0.100
0.700	0.100	0.100	0.100
0.100	0.100	0.700	0.100
0.100	0.100	0.700	0.100
0.700	0.100	0.100	0.100
0.700	0.100	0.100	0.100
0.100	0.100	0.700	0.100
