>CCAGGCGT	1-CCAGGCGT	7.420861	-16.286872	0	T:35.0(70.00%),B:5365.0(32.77%),P:1e-7	Tpos:1827.5,Tstd:510.7,Bpos:1667.0,Bstd:648.7,StrandBias:-0.1,Multiplicity:1.43
0.001	0.917	0.081	0.001
0.128	0.789	0.001	0.082
0.873	0.080	0.001	0.046
0.005	0.111	0.883	0.001
0.001	0.118	0.875	0.006
0.038	0.960	0.001	0.001
0.255	0.001	0.743	0.001
0.001	0.169	0.001	0.829
>CGCGCCGT	2-CGCGCCGT	7.341106	-13.291385	0	T:35.0(70.00%),B:5986.0(36.57%),P:1e-5	Tpos:1920.9,Tstd:422.6,Bpos:1963.5,Bstd:424.5,StrandBias:-0.2,Multiplicity:1.94
0.001	0.968	0.030	0.001
0.279	0.133	0.587	0.001
0.042	0.930	0.027	0.001
0.001	0.001	0.997	0.001
0.009	0.936	0.054	0.001
0.006	0.823	0.170	0.001
0.132	0.144	0.723	0.001
0.001	0.354	0.001	0.644
>AGGCGATG	3-AGGCGATG	8.410778	-13.053459	0	T:14.0(28.00%),B:1048.0(6.40%),P:1e-5	Tpos:1823.3,Tstd:708.4,Bpos:1674.2,Bstd:652.4,StrandBias:-1.5,Multiplicity:1.07
0.776	0.001	0.222	0.001
0.001	0.090	0.908	0.001
0.001	0.001	0.997	0.001
0.001	0.997	0.001	0.001
0.001	0.001	0.997	0.001
0.997	0.001	0.001	0.001
0.001	0.001	0.001	0.997
0.001	0.001	0.997	0.001
>GGCGCCCT	4-GGCGCCCT	7.493916	-12.592214	0	T:32.0(64.00%),B:5230.0(31.95%),P:1e-5	Tpos:1850.5,Tstd:499.8,Bpos:1834.4,Bstd:536.5,StrandBias:0.5,Multiplicity:1.65
0.107	0.001	0.891	0.001
0.048	0.001	0.846	0.105
0.001	0.997	0.001	0.001
0.001	0.001	0.997	0.001
0.001	0.991	0.001	0.007
0.001	0.894	0.001	0.104
0.383	0.615	0.001	0.001
0.013	0.001	0.117	0.869
>CGGATGKA	5-CGGATGKA	10.303604	-11.450548	0	T:10.0(20.00%),B:589.0(3.60%),P:1e-4	Tpos:1785.7,Tstd:529.2,Bpos:1558.0,Bstd:700.8,StrandBias:0.6,Multiplicity:1.00
0.001	0.997	0.001	0.001
0.001	0.001	0.997	0.001
0.001	0.001	0.997	0.001
0.997	0.001	0.001	0.001
0.001	0.001	0.001	0.997
0.001	0.001	0.997	0.001
0.001	0.001	0.533	0.465
0.997	0.001	0.001	0.001
