>GCGAGGACGA	1-GCGAGGACGA	9.672849	-23.675957	0	T:16.0(32.00%),B:643.0(3.93%),P:1e-10	Tpos:2023.9,Tstd:330.0,Bpos:1922.8,Bstd:521.9,StrandBias:0.3,Multiplicity:1.12
0.001	0.001	0.997	0.001
0.001	0.997	0.001	0.001
0.001	0.087	0.770	0.142
0.782	0.216	0.001	0.001
0.001	0.117	0.881	0.001
0.001	0.001	0.997	0.001
0.862	0.067	0.070	0.001
0.001	0.958	0.040	0.001
0.001	0.001	0.997	0.001
0.838	0.071	0.090	0.001
>CCMATGAGCG	2-CCMATGAGCG	8.858946	-18.817129	0	T:20.0(40.00%),B:1512.0(9.24%),P:1e-8	Tpos:1643.5,Tstd:610.7,Bpos:1630.9,Bstd:624.0,StrandBias:0.5,Multiplicity:1.20
0.001	0.997	0.001	0.001
0.001	0.997	0.001	0.001
0.443	0.555	0.001	0.001
0.544	0.233	0.222	0.001
0.418	0.001	0.001	0.580
0.001	0.315	0.683	0.001
0.740	0.001	0.258	0.001
0.265	0.001	0.733	0.001
0.078	0.708	0.080	0.134
0.303	0.001	0.585	0.111
>CGACCCTGCA	3-CGACCCTGCA	10.584921	-18.188454	0	T:10.0(20.00%),B:277.0(1.69%),P:1e-7	Tpos:1527.1,Tstd:568.4,Bpos:1742.8,Bstd:570.5,StrandBias:0.0,Multiplicity:1.00
0.041	0.912	0.001	0.046
0.052	0.081	0.816	0.051
0.819	0.114	0.001	0.066
0.001	0.997	0.001	0.001
0.001	0.905	0.093	0.001
0.001	0.885	0.001	0.113
0.001	0.001	0.001	0.997
0.001	0.001	0.997	0.001
0.093	0.905	0.001	0.001
0.838	0.001	0.001	0.160
>CGCTTTAAAG	4-CGCTTTAAAG	9.620252	-16.784766	0	T:13.0(26.00%),B:641.0(3.92%),P:1e-7	Tpos:1681.0,Tstd:566.0,Bpos:1321.6,Bstd:693.4,StrandBias:1.0,Multiplicity:1.08
0.168	0.766	0.052	0.014
0.120	0.170	0.569	0.141
0.073	0.805	0.001	0.121
0.001	0.001	0.001	0.997
0.001	0.277	0.001	0.721
0.001	0.105	0.073	0.821
0.574	0.064	0.278	0.084
0.894	0.001	0.104	0.001
0.950	0.001	0.048	0.001
0.051	0.001	0.947	0.001
>AGGTAACCTG	5-AGGTAACCTG	9.544940	-15.487392	0	T:15.0(30.00%),B:998.0(6.10%),P:1e-6	Tpos:1397.6,Tstd:606.8,Bpos:1336.9,Bstd:728.3,StrandBias:0.5,Multiplicity:1.13
0.942	0.001	0.056	0.001
0.064	0.001	0.870	0.065
0.069	0.001	0.929	0.001
0.029	0.037	0.029	0.905
0.880	0.030	0.032	0.058
0.951	0.001	0.001	0.047
0.001	0.886	0.042	0.071
0.063	0.871	0.001	0.065
0.047	0.001	0.001	0.951
0.001	0.069	0.866	0.064
>TGGCGTTGCA	6-TGGCGTTGCA	8.366891	-14.806218	0	T:13.0(26.00%),B:763.0(4.66%),P:1e-6	Tpos:1323.3,Tstd:712.1,Bpos:1520.0,Bstd:687.7,StrandBias:0.0,Multiplicity:1.23
0.001	0.001	0.001	0.997
0.001	0.109	0.889	0.001
0.001	0.104	0.894	0.001
0.052	0.946	0.001	0.001
0.060	0.001	0.862	0.077
0.100	0.046	0.001	0.853
0.001	0.109	0.001	0.889
0.001	0.084	0.914	0.001
0.089	0.839	0.071	0.001
0.997	0.001	0.001	0.001
>CTGCGCCGGC	7-CTGCGCCGGC	10.816241	-14.631224	0	T:13.0(26.00%),B:775.0(4.73%),P:1e-6	Tpos:2011.4,Tstd:184.4,Bpos:1928.4,Bstd:407.0,StrandBias:0.0,Multiplicity:1.15
0.001	0.997	0.001	0.001
0.001	0.001	0.034	0.964
0.001	0.215	0.783	0.001
0.143	0.855	0.001	0.001
0.001	0.039	0.843	0.117
0.001	0.997	0.001	0.001
0.284	0.714	0.001	0.001
0.001	0.001	0.892	0.106
0.001	0.001	0.997	0.001
0.001	0.997	0.001	0.001
>CCCGTTACCT	8-CCCGTTACCT	12.459172	-13.789342	0	T:5.0(10.00%),B:55.0(0.34%),P:1e-5	Tpos:1476.8,Tstd:686.3,Bpos:1785.2,Bstd:594.2,StrandBias:-0.6,Multiplicity:1.00
0.001	0.624	0.374	0.001
0.001	0.997	0.001	0.001
0.001	0.997	0.001	0.001
0.001	0.001	0.997	0.001
0.001	0.001	0.113	0.885
0.001	0.001	0.001	0.997
0.997	0.001	0.001	0.001
0.001	0.997	0.001	0.001
0.001	0.758	0.240	0.001
0.001	0.001	0.001	0.997
>AGGGGGCGCT	9-AGGGGGCGCT	9.732430	-13.522619	0	T:18.0(36.00%),B:1695.0(10.35%),P:1e-5	Tpos:1720.8,Tstd:534.8,Bpos:1748.6,Bstd:570.2,StrandBias:-0.2,Multiplicity:1.44
0.855	0.047	0.048	0.050
0.001	0.001	0.902	0.096
0.044	0.001	0.954	0.001
0.044	0.045	0.859	0.052
0.059	0.062	0.878	0.001
0.001	0.001	0.997	0.001
0.047	0.951	0.001	0.001
0.055	0.001	0.943	0.001
0.086	0.873	0.040	0.001
0.054	0.001	0.135	0.810
>TGTGAGGAAG	10-TGTGAGGAAG	10.296193	-11.689449	0	T:6.0(12.00%),B:153.0(0.93%),P:1e-5	Tpos:1128.7,Tstd:616.9,Bpos:1152.9,Bstd:757.7,StrandBias:0.0,Multiplicity:1.00
0.100	0.100	0.100	0.700
0.100	0.100	0.700	0.100
0.100	0.100	0.100	0.700
0.100	0.100	0.700	0.100
0.700	0.100	0.100	0.100
0.100	0.100	0.700	0.100
0.100	0.100	0.700	0.100
0.700	0.100	0.100	0.100
0.700	0.100	0.100	0.100
0.100	0.100	0.700	0.100
>CTTGGGGAGTCG	1-CTTGGGGAGTCG	12.715569	-24.919477	0	T:7.0(14.00%),B:30.0(0.18%),P:1e-10	Tpos:1687.1,Tstd:738.6,Bpos:1682.9,Bstd:620.9,StrandBias:-1.3,Multiplicity:1.00
0.001	0.997	0.001	0.001
0.001	0.159	0.001	0.839
0.185	0.001	0.001	0.813
0.001	0.001	0.997	0.001
0.001	0.001	0.997	0.001
0.185	0.001	0.813	0.001
0.001	0.001	0.997	0.001
0.813	0.001	0.001	0.185
0.001	0.001	0.997	0.001
0.001	0.001	0.001	0.997
0.001	0.997	0.001	0.001
0.001	0.130	0.868	0.001
>ACCGGGGCAGGT	2-ACCGGGGCAGGT	13.831084	-23.892860	0	T:6.0(12.00%),B:16.0(0.10%),P:1e-10	Tpos:1686.0,Tstd:535.1,Bpos:1840.7,Bstd:489.8,StrandBias:-2.3,Multiplicity:1.00
0.997	0.001	0.001	0.001
0.001	0.839	0.159	0.001
0.001	0.997	0.001	0.001
0.001	0.173	0.825	0.001
0.001	0.001	0.997	0.001
0.001	0.001	0.825	0.173
0.001	0.001	0.997	0.001
0.001	0.997	0.001	0.001
0.802	0.196	0.001	0.001
0.001	0.001	0.997	0.001
0.001	0.001	0.997	0.001
0.135	0.001	0.001	0.863
>AGCCCGTGGTCA	3-AGCCCGTGGTCA	13.895297	-20.488301	0	T:6.0(12.00%),B:31.0(0.19%),P:1e-8	Tpos:1287.3,Tstd:839.1,Bpos:1541.2,Bstd:648.4,StrandBias:1.0,Multiplicity:1.00
0.997	0.001	0.001	0.001
0.001	0.199	0.799	0.001
0.001	0.997	0.001	0.001
0.001	0.997	0.001	0.001
0.001	0.997	0.001	0.001
0.156	0.001	0.842	0.001
0.001	0.001	0.144	0.854
0.001	0.001	0.997	0.001
0.183	0.001	0.815	0.001
0.001	0.001	0.001	0.997
0.001	0.997	0.001	0.001
0.835	0.163	0.001	0.001
>TGGGCGCAGGGC	4-TGGGCGCAGGGC	13.395656	-20.226316	0	T:9.0(18.00%),B:158.0(0.97%),P:1e-8	Tpos:1756.8,Tstd:497.8,Bpos:1749.9,Bstd:633.2,StrandBias:0.3,Multiplicity:1.00
0.001	0.151	0.114	0.734
0.001	0.001	0.997	0.001
0.001	0.001	0.997	0.001
0.001	0.001	0.997	0.001
0.001	0.905	0.093	0.001
0.168	0.001	0.830	0.001
0.001	0.997	0.001	0.001
0.861	0.001	0.137	0.001
0.001	0.001	0.997	0.001
0.001	0.001	0.997	0.001
0.001	0.001	0.997	0.001
0.001	0.820	0.178	0.001
>AGCAATACGGGC	5-AGCAATACGGGC	14.573285	-19.750849	0	T:4.0(8.00%),B:3.0(0.02%),P:1e-8	Tpos:1747.2,Tstd:463.5,Bpos:1035.7,Bstd:524.8,StrandBias:0.0,Multiplicity:1.00
0.733	0.265	0.001	0.001
0.001	0.001	0.997	0.001
0.001	0.997	0.001	0.001
0.997	0.001	0.001	0.001
0.997	0.001	0.001	0.001
0.001	0.001	0.233	0.765
0.997	0.001	0.001	0.001
0.001	0.765	0.001	0.233
0.001	0.001	0.997	0.001
0.001	0.001	0.997	0.001
0.001	0.001	0.997	0.001
0.001	0.997	0.001	0.001
>CCAGTCTCCAGG	6-CCAGTCTCCAGG	13.440839	-18.351591	0	T:8.0(16.00%),B:135.0(0.82%),P:1e-7	Tpos:1597.8,Tstd:778.1,Bpos:1424.0,Bstd:743.1,StrandBias:0.3,Multiplicity:1.12
0.001	0.891	0.107	0.001
0.103	0.776	0.001	0.120
0.997	0.001	0.001	0.001
0.001	0.114	0.884	0.001
0.111	0.001	0.001	0.887
0.001	0.897	0.001	0.101
0.001	0.001	0.001	0.997
0.001	0.997	0.001	0.001
0.001	0.997	0.001	0.001
0.762	0.132	0.001	0.105
0.001	0.001	0.997	0.001
0.001	0.001	0.997	0.001
>GCGGGCTGGAGC	7-GCGGGCTGGAGC	9.848046	-17.243913	0	T:19.0(38.00%),B:1486.0(9.08%),P:1e-7	Tpos:1967.2,Tstd:324.6,Bpos:1854.1,Bstd:543.9,StrandBias:0.6,Multiplicity:1.47
0.001	0.184	0.735	0.080
0.001	0.870	0.101	0.028
0.063	0.026	0.851	0.060
0.090	0.001	0.857	0.052
0.038	0.080	0.881	0.001
0.096	0.862	0.001	0.041
0.079	0.113	0.019	0.789
0.001	0.030	0.823	0.146
0.079	0.048	0.828	0.045
0.823	0.155	0.021	0.001
0.089	0.067	0.843	0.001
0.117	0.852	0.030	0.001
>CCTCCCATCGCC	8-CCTCCCATCGCC	10.319307	-15.957228	0	T:14.0(28.00%),B:821.0(5.02%),P:1e-6	Tpos:1575.9,Tstd:515.9,Bpos:1650.6,Bstd:660.1,StrandBias:0.3,Multiplicity:1.29
0.078	0.824	0.049	0.049
0.081	0.808	0.001	0.110
0.001	0.049	0.001	0.949
0.067	0.785	0.147	0.001
0.001	0.932	0.001	0.066
0.001	0.997	0.001	0.001
0.777	0.089	0.002	0.132
0.042	0.047	0.247	0.664
0.001	0.857	0.107	0.035
0.098	0.060	0.799	0.043
0.001	0.804	0.001	0.194
0.078	0.812	0.001	0.109
>GCGCACAGGTCT	9-GCGCACAGGTCT	14.301723	-13.428933	0	T:3.0(6.00%),B:5.0(0.03%),P:1e-5	Tpos:2145.0,Tstd:302.1,Bpos:1896.6,Bstd:319.7,StrandBias:1.0,Multiplicity:1.00
0.001	0.100	0.898	0.001
0.169	0.632	0.094	0.105
0.001	0.001	0.888	0.110
0.001	0.905	0.093	0.001
0.921	0.077	0.001	0.001
0.087	0.911	0.001	0.001
0.881	0.001	0.117	0.001
0.001	0.001	0.997	0.001
0.105	0.206	0.496	0.192
0.118	0.001	0.078	0.803
0.001	0.800	0.198	0.001
0.093	0.001	0.001	0.905
>AGGAGGCGGTGC	10-AGGAGGCGGTGC	10.564694	-12.657661	0	T:15.0(30.00%),B:1251.0(7.64%),P:1e-5	Tpos:1864.4,Tstd:424.6,Bpos:1868.4,Bstd:477.4,StrandBias:0.5,Multiplicity:1.47
0.838	0.001	0.022	0.139
0.001	0.001	0.940	0.058
0.064	0.086	0.849	0.001
0.737	0.108	0.060	0.095
0.001	0.001	0.845	0.153
0.040	0.039	0.920	0.001
0.058	0.896	0.001	0.045
0.073	0.067	0.820	0.040
0.053	0.145	0.776	0.026
0.167	0.097	0.121	0.615
0.001	0.001	0.997	0.001
0.027	0.777	0.149	0.047
>ACCGCW	1-ACCGCW	7.474921	-11.840170	0	T:41.0(82.00%),B:8420.0(51.44%),P:1e-5	Tpos:1703.7,Tstd:631.4,Bpos:1696.3,Bstd:638.4,StrandBias:-0.4,Multiplicity:1.85
0.997	0.001	0.001	0.001
0.001	0.997	0.001	0.001
0.001	0.997	0.001	0.001
0.001	0.001	0.997	0.001
0.001	0.997	0.001	0.001
0.437	0.001	0.001	0.561
>GGCGCC	2-GGCGCC	6.177716	-9.837211	0	T:33.0(66.00%),B:6200.0(37.87%),P:1e-4	Tpos:1901.7,Tstd:420.5,Bpos:1887.6,Bstd:498.6,StrandBias:0.0,Multiplicity:1.79
0.100	0.100	0.700	0.100
0.100	0.100	0.700	0.100
0.100	0.700	0.100	0.100
0.100	0.100	0.700	0.100
0.100	0.700	0.100	0.100
0.100	0.700	0.100	0.100
>GTGGCG	3-GTGGCG	6.177716	-8.205560	0	T:35.0(70.00%),B:7320.0(44.72%),P:1e-3	Tpos:1898.4,Tstd:454.0,Bpos:1800.7,Bstd:570.9,StrandBias:0.7,Multiplicity:1.77
0.100	0.100	0.700	0.100
0.100	0.100	0.100	0.700
0.100	0.100	0.700	0.100
0.100	0.100	0.700	0.100
0.100	0.700	0.100	0.100
0.100	0.100	0.700	0.100
>CACGCC	4-CACGCC	6.177716	-6.823298	0	T:34.0(68.00%),B:7437.0(45.43%),P:1e-2	Tpos:1853.5,Tstd:456.3,Bpos:1744.1,Bstd:572.2,StrandBias:-0.9,Multiplicity:1.79
0.100	0.700	0.100	0.100
0.700	0.100	0.100	0.100
0.100	0.700	0.100	0.100
0.100	0.100	0.700	0.100
0.100	0.700	0.100	0.100
0.100	0.700	0.100	0.100
>TCCGCG	5-TCCGCG	6.177716	-6.163606	0	T:29.0(58.00%),B:6063.0(37.04%),P:1e-2	Tpos:1860.6,Tstd:489.1,Bpos:1928.1,Bstd:451.6,StrandBias:0.0,Multiplicity:1.79
0.100	0.100	0.100	0.700
0.100	0.700	0.100	0.100
0.100	0.700	0.100	0.100
0.100	0.100	0.700	0.100
0.100	0.700	0.100	0.100
0.100	0.100	0.700	0.100
>CCAGGCGT	1-CCAGGCGT	7.420861	-16.286872	0	T:35.0(70.00%),B:5365.0(32.77%),P:1e-7	Tpos:1827.5,Tstd:510.7,Bpos:1667.0,Bstd:648.7,StrandBias:-0.1,Multiplicity:1.43
0.001	0.917	0.081	0.001
0.128	0.789	0.001	0.082
0.873	0.080	0.001	0.046
0.005	0.111	0.883	0.001
0.001	0.118	0.875	0.006
0.038	0.960	0.001	0.001
0.255	0.001	0.743	0.001
0.001	0.169	0.001	0.829
>CGCGCCGT	2-CGCGCCGT	7.341106	-13.291385	0	T:35.0(70.00%),B:5986.0(36.57%),P:1e-5	Tpos:1920.9,Tstd:422.6,Bpos:1963.5,Bstd:424.5,StrandBias:-0.2,Multiplicity:1.94
0.001	0.968	0.030	0.001
0.279	0.133	0.587	0.001
0.042	0.930	0.027	0.001
0.001	0.001	0.997	0.001
0.009	0.936	0.054	0.001
0.006	0.823	0.170	0.001
0.132	0.144	0.723	0.001
0.001	0.354	0.001	0.644
>AGGCGATG	3-AGGCGATG	8.410778	-13.053459	0	T:14.0(28.00%),B:1048.0(6.40%),P:1e-5	Tpos:1823.3,Tstd:708.4,Bpos:1674.2,Bstd:652.4,StrandBias:-1.5,Multiplicity:1.07
0.776	0.001	0.222	0.001
0.001	0.090	0.908	0.001
0.001	0.001	0.997	0.001
0.001	0.997	0.001	0.001
0.001	0.001	0.997	0.001
0.997	0.001	0.001	0.001
0.001	0.001	0.001	0.997
0.001	0.001	0.997	0.001
>GGCGCCCT	4-GGCGCCCT	7.493916	-12.592214	0	T:32.0(64.00%),B:5230.0(31.95%),P:1e-5	Tpos:1850.5,Tstd:499.8,Bpos:1834.4,Bstd:536.5,StrandBias:0.5,Multiplicity:1.65
0.107	0.001	0.891	0.001
0.048	0.001	0.846	0.105
0.001	0.997	0.001	0.001
0.001	0.001	0.997	0.001
0.001	0.991	0.001	0.007
0.001	0.894	0.001	0.104
0.383	0.615	0.001	0.001
0.013	0.001	0.117	0.869
>CGGATGKA	5-CGGATGKA	10.303604	-11.450548	0	T:10.0(20.00%),B:589.0(3.60%),P:1e-4	Tpos:1785.7,Tstd:529.2,Bpos:1558.0,Bstd:700.8,StrandBias:0.6,Multiplicity:1.00
0.001	0.997	0.001	0.001
0.001	0.001	0.997	0.001
0.001	0.001	0.997	0.001
0.997	0.001	0.001	0.001
0.001	0.001	0.001	0.997
0.001	0.001	0.997	0.001
0.001	0.001	0.533	0.465
0.997	0.001	0.001	0.001
