>CTTGGGGAGTCG	1-CTTGGGGAGTCG	12.715569	-24.919477	0	T:7.0(14.00%),B:30.0(0.18%),P:1e-10	Tpos:1687.1,Tstd:738.6,Bpos:1682.9,Bstd:620.9,StrandBias:-1.3,Multiplicity:1.00
0.001	0.997	0.001	0.001
0.001	0.159	0.001	0.839
0.185	0.001	0.001	0.813
0.001	0.001	0.997	0.001
0.001	0.001	0.997	0.001
0.185	0.001	0.813	0.001
0.001	0.001	0.997	0.001
0.813	0.001	0.001	0.185
0.001	0.001	0.997	0.001
0.001	0.001	0.001	0.997
0.001	0.997	0.001	0.001
0.001	0.130	0.868	0.001
>ACCGGGGCAGGT	2-ACCGGGGCAGGT	13.831084	-23.892860	0	T:6.0(12.00%),B:16.0(0.10%),P:1e-10	Tpos:1686.0,Tstd:535.1,Bpos:1840.7,Bstd:489.8,StrandBias:-2.3,Multiplicity:1.00
0.997	0.001	0.001	0.001
0.001	0.839	0.159	0.001
0.001	0.997	0.001	0.001
0.001	0.173	0.825	0.001
0.001	0.001	0.997	0.001
0.001	0.001	0.825	0.173
0.001	0.001	0.997	0.001
0.001	0.997	0.001	0.001
0.802	0.196	0.001	0.001
0.001	0.001	0.997	0.001
0.001	0.001	0.997	0.001
0.135	0.001	0.001	0.863
>AGCCCGTGGTCA	3-AGCCCGTGGTCA	13.895297	-20.488301	0	T:6.0(12.00%),B:31.0(0.19%),P:1e-8	Tpos:1287.3,Tstd:839.1,Bpos:1541.2,Bstd:648.4,StrandBias:1.0,Multiplicity:1.00
0.997	0.001	0.001	0.001
0.001	0.199	0.799	0.001
0.001	0.997	0.001	0.001
0.001	0.997	0.001	0.001
0.001	0.997	0.001	0.001
0.156	0.001	0.842	0.001
0.001	0.001	0.144	0.854
0.001	0.001	0.997	0.001
0.183	0.001	0.815	0.001
0.001	0.001	0.001	0.997
0.001	0.997	0.001	0.001
0.835	0.163	0.001	0.001
>TGGGCGCAGGGC	4-TGGGCGCAGGGC	13.395656	-20.226316	0	T:9.0(18.00%),B:158.0(0.97%),P:1e-8	Tpos:1756.8,Tstd:497.8,Bpos:1749.9,Bstd:633.2,StrandBias:0.3,Multiplicity:1.00
0.001	0.151	0.114	0.734
0.001	0.001	0.997	0.001
0.001	0.001	0.997	0.001
0.001	0.001	0.997	0.001
0.001	0.905	0.093	0.001
0.168	0.001	0.830	0.001
0.001	0.997	0.001	0.001
0.861	0.001	0.137	0.001
0.001	0.001	0.997	0.001
0.001	0.001	0.997	0.001
0.001	0.001	0.997	0.001
0.001	0.820	0.178	0.001
>AGCAATACGGGC	5-AGCAATACGGGC	14.573285	-19.750849	0	T:4.0(8.00%),B:3.0(0.02%),P:1e-8	Tpos:1747.2,Tstd:463.5,Bpos:1035.7,Bstd:524.8,StrandBias:0.0,Multiplicity:1.00
0.733	0.265	0.001	0.001
0.001	0.001	0.997	0.001
0.001	0.997	0.001	0.001
0.997	0.001	0.001	0.001
0.997	0.001	0.001	0.001
0.001	0.001	0.233	0.765
0.997	0.001	0.001	0.001
0.001	0.765	0.001	0.233
0.001	0.001	0.997	0.001
0.001	0.001	0.997	0.001
0.001	0.001	0.997	0.001
0.001	0.997	0.001	0.001
>CCAGTCTCCAGG	6-CCAGTCTCCAGG	13.440839	-18.351591	0	T:8.0(16.00%),B:135.0(0.82%),P:1e-7	Tpos:1597.8,Tstd:778.1,Bpos:1424.0,Bstd:743.1,StrandBias:0.3,Multiplicity:1.12
0.001	0.891	0.107	0.001
0.103	0.776	0.001	0.120
0.997	0.001	0.001	0.001
0.001	0.114	0.884	0.001
0.111	0.001	0.001	0.887
0.001	0.897	0.001	0.101
0.001	0.001	0.001	0.997
0.001	0.997	0.001	0.001
0.001	0.997	0.001	0.001
0.762	0.132	0.001	0.105
0.001	0.001	0.997	0.001
0.001	0.001	0.997	0.001
>GCGGGCTGGAGC	7-GCGGGCTGGAGC	9.848046	-17.243913	0	T:19.0(38.00%),B:1486.0(9.08%),P:1e-7	Tpos:1967.2,Tstd:324.6,Bpos:1854.1,Bstd:543.9,StrandBias:0.6,Multiplicity:1.47
0.001	0.184	0.735	0.080
0.001	0.870	0.101	0.028
0.063	0.026	0.851	0.060
0.090	0.001	0.857	0.052
0.038	0.080	0.881	0.001
0.096	0.862	0.001	0.041
0.079	0.113	0.019	0.789
0.001	0.030	0.823	0.146
0.079	0.048	0.828	0.045
0.823	0.155	0.021	0.001
0.089	0.067	0.843	0.001
0.117	0.852	0.030	0.001
>CCTCCCATCGCC	8-CCTCCCATCGCC	10.319307	-15.957228	0	T:14.0(28.00%),B:821.0(5.02%),P:1e-6	Tpos:1575.9,Tstd:515.9,Bpos:1650.6,Bstd:660.1,StrandBias:0.3,Multiplicity:1.29
0.078	0.824	0.049	0.049
0.081	0.808	0.001	0.110
0.001	0.049	0.001	0.949
0.067	0.785	0.147	0.001
0.001	0.932	0.001	0.066
0.001	0.997	0.001	0.001
0.777	0.089	0.002	0.132
0.042	0.047	0.247	0.664
0.001	0.857	0.107	0.035
0.098	0.060	0.799	0.043
0.001	0.804	0.001	0.194
0.078	0.812	0.001	0.109
>GCGCACAGGTCT	9-GCGCACAGGTCT	14.301723	-13.428933	0	T:3.0(6.00%),B:5.0(0.03%),P:1e-5	Tpos:2145.0,Tstd:302.1,Bpos:1896.6,Bstd:319.7,StrandBias:1.0,Multiplicity:1.00
0.001	0.100	0.898	0.001
0.169	0.632	0.094	0.105
0.001	0.001	0.888	0.110
0.001	0.905	0.093	0.001
0.921	0.077	0.001	0.001
0.087	0.911	0.001	0.001
0.881	0.001	0.117	0.001
0.001	0.001	0.997	0.001
0.105	0.206	0.496	0.192
0.118	0.001	0.078	0.803
0.001	0.800	0.198	0.001
0.093	0.001	0.001	0.905
>AGGAGGCGGTGC	10-AGGAGGCGGTGC	10.564694	-12.657661	0	T:15.0(30.00%),B:1251.0(7.64%),P:1e-5	Tpos:1864.4,Tstd:424.6,Bpos:1868.4,Bstd:477.4,StrandBias:0.5,Multiplicity:1.47
0.838	0.001	0.022	0.139
0.001	0.001	0.940	0.058
0.064	0.086	0.849	0.001
0.737	0.108	0.060	0.095
0.001	0.001	0.845	0.153
0.040	0.039	0.920	0.001
0.058	0.896	0.001	0.045
0.073	0.067	0.820	0.040
0.053	0.145	0.776	0.026
0.167	0.097	0.121	0.615
0.001	0.001	0.997	0.001
0.027	0.777	0.149	0.047
